0.000653168
0.001554002
0.00318218
0.003463203
0.002087683
0.002331002
0.002469136
0.002670227
0.002673797
0.00269179
0.002932551
0.002998501
0.00331675
0.006711409
0.003521127
0.003669725
0.007462687
0.003952569
0.004210526
0.004347826
0.008888889
0.004444444
0.004454343
0.004662005
0.009345794
0.004672897
0.004819277
0.004987531
0.005571031
0.006060606
0.006079027
0.006134969
0.006451613
0.003333333
0.006734007
0.006920415
0.007117438
0.007434944
0.008196721
0.008547009
0.00862069
0.017391304
0.008733624
0.009345794
0.009389671
0.009433962
0.019047619
0.009661836
0.009708738
0.009756098
0.009803922
0.01
0.010152284
0.010526316
0.010582011
0.010638298
0.005434783
0.010869565
0.005747126
0.022988506
0.011627907
0.011627907
0.023809524
0.017964072
0.012269939
0.012345679
0.012578616
0.013605442
0.014084507
0.014184397
0.014285714
0.021428571
0.028776978
0.00729927
0.007352941
0.014814815
0.014814815
0.015503876
0.015873016
0.008
0.016
0.024193548
0.016129032
0.016260163
0.016393443
0.016806723
0.016949153
0.035087719
0.035087719
0.017699115
0.017857143
0.036036036
0.018181818
0.018181818
0.009174312
0.018348624
0.018348624
0.018518519
0.009259259
0.018691589
0.018691589
0.018691589
0.019230769
0.019417476
0.019607843
0.01980198
0.01980198
0.02
0.01
0.02020202
0.02020202
0.020408163
0.020408163
0.020833333
0.041666667
0.020833333
0.020833333
0.020833333
0.021276596
0.021505376
0.043010753
0.043010753
0.02173913
0.02173913
0.021978022
0.010989011
0.011111111
0.022222222
0.022727273
0.022727273
0.022988506
0.023255814
0.011627907
0.023529412
0.023809524
0.023809524
0.024096386
0.024096386
0.012195122
0.012195122
0.025
0.05
0.05
0.025316456
0.025316456
0.050632911
0.026315789
0.026315789
0.026315789
0.026315789
0.027027027
0.027027027
0.013513514
0.02739726
0.02739726
0.02739726
0.027777778
0.028169014
0.028169014
0.028169014
0.028169014
0.029850746
0.029850746
0.03030303
0.03030303
0.03030303
0.030769231
0.030769231
0.030769231
0.030769231
0.03125
0.03125
0.03125
0.03125
0.03125
0.031746032
0.031746032
0.031746032
0.031746032
0.031746032
0.032258065
0.032786885
0.032786885
0.033333333
0.033333333
0.033333333
0.033333333
0.033898305
0.033898305
0.034482759
0.017241379
0.034482759
0.035087719
0.035087719
0.052631579
0.017857143
0.035714286
0.035714286
0.035714286
0.035714286
0.035714286
0.035714286
0.035714286
0.071428571
0.036363636
0.036363636
0.036363636
0.037735849
0.037735849
0.056603774
0.037735849
0.038461538
0.038461538
0.038461538
0.038461538
0.038461538
0.038461538
0.038461538
0.038461538
0.039215686
0.02
0.04
0.04
0.08
0.040816327
0.040816327
0.040816327
0.040816327
0.040816327
0.081632653
0.083333333
0.020833333
0.041666667
0.041666667
0.041666667
0.020833333
0.0625
0.041666667
0.020833333
0.042553191
0.021276596
0.042553191
0.042553191
0.021276596
0.042553191
0.085106383
0.043478261
0.043478261
0.043478261
0.043478261
0.044444444
0.044444444
0.044444444
0.044444444
0.044444444
0.044444444
0.045454545
0.045454545
0.045454545
0.045454545
0.045454545
0.045454545
0.046511628
0.023255814
0.046511628
0.047619048
0.047619048
0.023809524
0.095238095
0.047619048
0.047619048
0.047619048
0.023809524
0.047619048
0.048780488
0.048780488
0.048780488
0.048780488
0.048780488
0.05
0.05
0.05
0.05
0.025
0.102564103
0.051282051
0.051282051
0.051282051
0.051282051
0.051282051
0.025641026
0.025641026
0.051282051
0.052631579
0.026315789
0.052631579
0.052631579
0.052631579
0.052631579
0.052631579
0.052631579
0.052631579
0.052631579
0.052631579
0.052631579
0.054054054
0.027027027
0.054054054
0.054054054
0.081081081
0.054054054
0.054054054
0.054054054
0.081081081
0.054054054
0.054054054
0.054054054
0.054054054
0.055555556
0.055555556
0.055555556
0.055555556
0.027777778
0.083333333
0.055555556
0.055555556
0.055555556
0.055555556
0.055555556
0.055555556
0.083333333
0.057142857
0.114285714
0.057142857
0.028571429
0.085714286
0.057142857
0.058823529
0.117647059
0.058823529
0.058823529
0.117647059
0.058823529
0.03030303
0.121212121
0.060606061
0.060606061
0.060606061
0.060606061
0.060606061
0.060606061
0.060606061
0.060606061
0.060606061
0.060606061
0.060606061
0.090909091
0.121212121
0.060606061
0.03030303
0.0625
0.03125
0.0625
0.0625
0.03125
0.09375
0.0625
0.0625
0.0625
0.09375
0.064516129
0.064516129
0.032258065
0.064516129
0.064516129
0.064516129
0.064516129
0.064516129
0.032258065
0.064516129
0.064516129
0.064516129
0.064516129
0.064516129
0.066666667
0.066666667
0.1
0.066666667
0.066666667
0.066666667
0.066666667
0.066666667
0.033333333
0.1
0.1
0.066666667
0.133333333
0.066666667
0.066666667
0.066666667
0.068965517
0.068965517
0.034482759
0.068965517
0.068965517
0.137931034
0.103448276
0.034482759
0.034482759
0.068965517
0.068965517
0.034482759
0.034482759
0.068965517
0.068965517
0.068965517
0.103448276
0.068965517
0.068965517
0.071428571
0.107142857
0.071428571
0.142857143
0.071428571
0.071428571
0.071428571
0.071428571
0.071428571
0.071428571
0.071428571
0.071428571
0.107142857
0.071428571
0.071428571
0.071428571
0.071428571
0.071428571
0.111111111
0.037037037
0.074074074
0.074074074
0.074074074
0.111111111
0.074074074
0.074074074
0.074074074
0.111111111
0.074074074
0.074074074
0.074074074
0.074074074
0.074074074
0.111111111
0.111111111
0.037037037
0.074074074
0.076923077
0.076923077
0.153846154
0.076923077
0.038461538
0.076923077
0.076923077
0.076923077
0.115384615
0.076923077
0.076923077
0.076923077
0.076923077
0.076923077
0.115384615
0.076923077
0.038461538
0.076923077
0.115384615
0.076923077
0.153846154
0.08
0.04
0.16
0.04
0.08
0.08
0.12
0.12
0.08
0.08
0.08
0.08
0.08
0.16
0.08
0.08
0.04
0.16
0.08
0.04
0.04
0.08
0.08
0.08
0.04
0.125
0.125
0.083333333
0.125
0.083333333
0.125
0.125
0.125
0.083333333
0.083333333
0.083333333
0.083333333
0.125
0.083333333
0.041666667
0.083333333
0.083333333
0.125
0.083333333
0.083333333
0.083333333
0.083333333
0.083333333
0.083333333
0.083333333
0.086956522
0.086956522
0.086956522
0.086956522
0.086956522
0.086956522
0.130434783
0.086956522
0.086956522
0.086956522
0.086956522
0.086956522
0.130434783
0.173913043
0.086956522
0.043478261
0.086956522
0.086956522
0.086956522
0.086956522
0.130434783
0.130434783
0.086956522
0.086956522
0.086956522
0.086956522
0.086956522
0.086956522
0.086956522
0.086956522
0.090909091
0.090909091
0.136363636
0.090909091
0.090909091
0.181818182
0.136363636
0.090909091
0.136363636
0.045454545
0.045454545
0.090909091
0.090909091
0.136363636
0.090909091
0.090909091
0.090909091
0.136363636
0.136363636
0.090909091
0.090909091
0.136363636
0.090909091
0.136363636
0.090909091
0.090909091
0.090909091
0.090909091
0.090909091
0.090909091
0.090909091
0.095238095
0.095238095
0.095238095
0.095238095
0.142857143
0.095238095
0.047619048
0.095238095
0.095238095
0.095238095
0.142857143
0.047619048
0.095238095
0.095238095
0.095238095
0.142857143
0.095238095
0.095238095
0.095238095
0.142857143
0.142857143
0.095238095
0.095238095
0.095238095
0.142857143
0.095238095
0.095238095
0.142857143
0.047619048
0.142857143
0.047619048
0.142857143
0.142857143
0.095238095
0.095238095
0.095238095
0.142857143
0.1
0.05
0.1
0.15
0.05
0.1
0.1
0.05
0.1
0.05
0.15
0.15
0.1
0.1
0.1
0.1
0.1
0.1
0.05
0.15
0.05
0.1
0.1
0.1
0.1
0.1
0.15
0.1
0.1
0.15
0.1
0.1
0.15
0.1
0.1
0.1
0.1
0.15
0.15
0.1
0.1
0.15
0.105263158
0.105263158
0.105263158
0.157894737
0.052631579
0.105263158
0.105263158
0.052631579
0.157894737
0.105263158
0.157894737
0.105263158
0.052631579
0.052631579
0.105263158
0.210526316
0.105263158
0.105263158
0.105263158
0.105263158
0.052631579
0.157894737
0.157894737
0.105263158
0.105263158
0.105263158
0.157894737
0.105263158
0.105263158
0.157894737
0.157894737
0.105263158
0.157894737
0.105263158
0.157894737
0.157894737
0.105263158
0.105263158
0.105263158
0.105263158
0.157894737
0.105263158
0.157894737
0.105263158
0.055555556
0.111111111
0.055555556
0.166666667
0.111111111
0.111111111
0.055555556
0.166666667
0.166666667
0.166666667
0.111111111
0.111111111
0.111111111
0.111111111
0.111111111
0.111111111
0.111111111
0.055555556
0.055555556
0.111111111
0.166666667
0.111111111
0.111111111
0.111111111
0.166666667
0.111111111
0.166666667
0.111111111
0.111111111
0.166666667
0.166666667
0.111111111
0.111111111
0.166666667
0.166666667
0.111111111
0.055555556
0.055555556
0.176470588
0.117647059
0.117647059
0.117647059
0.117647059
0.117647059
0.117647059
0.117647059
0.117647059
0.176470588
0.176470588
0.176470588
0.058823529
0.117647059
0.117647059
0.117647059
0.058823529
0.117647059
0.117647059
0.117647059
0.058823529
0.117647059
0.117647059
0.058823529
0.176470588
0.235294118
0.058823529
0.117647059
0.117647059
0.176470588
0.117647059
0.235294118
0.235294118
0.176470588
0.117647059
0.058823529
0.117647059
0.117647059
0.058823529
0.176470588
0.117647059
0.176470588
0.176470588
0.176470588
0.058823529
0.176470588
0.176470588
0.176470588
0.176470588
0.176470588
0.117647059
0.058823529
0.117647059
0.117647059
0.058823529
0.117647059
0.117647059
0.117647059
0.125
0.125
0.1875
0.25
0.1875
0.1875
0.1875
0.125
0.1875
0.125
0.125
0.125
0.125
0.0625
0.125
0.1875
0.0625
0.125
0.1875
0.0625
0.125
0.0625
0.1875
0.0625
0.125
0.1875
0.1875
0.1875
0.1875
0.0625
0.125
0.125
0.125
0.125
0.125
0.0625
0.125
0.125
0.125
0.0625
0.125
0.125
0.125
0.125
0.0625
0.0625
0.0625
0.125
0.1875
0.125
0.125
0.0625
0.125
0.1875
0.1875
0.125
0.125
0.1875
0.125
0.1875
0.1875
0.133333333
0.133333333
0.133333333
0.133333333
0.2
0.2
0.133333333
0.133333333
0.2
0.2
0.133333333
0.066666667
0.133333333
0.133333333
0.2
0.133333333
0.133333333
0.2
0.2
0.133333333
0.066666667
0.133333333
0.133333333
0.266666667
0.066666667
0.2
0.133333333
0.133333333
0.133333333
0.133333333
0.2
0.066666667
0.2
0.133333333
0.133333333
0.133333333
0.133333333
0.133333333
0.133333333
0.2
0.133333333
0.133333333
0.133333333
0.066666667
0.133333333
0.2
0.066666667
0.133333333
0.2
0.2
0.133333333
0.2
0.133333333
0.133333333
0.133333333
0.133333333
0.2
0.066666667
0.285714286
0.142857143
0.285714286
0.071428571
0.214285714
0.214285714
0.071428571
0.071428571
0.142857143
0.214285714
0.142857143
0.214285714
0.142857143
0.214285714
0.142857143
0.071428571
0.071428571
0.214285714
0.214285714
0.142857143
0.214285714
0.142857143
0.214285714
0.214285714
0.142857143
0.071428571
0.214285714
0.214285714
0.285714286
0.142857143
0.071428571
0.142857143
0.142857143
0.142857143
0.142857143
0.142857143
0.142857143
0.142857143
0.214285714
0.142857143
0.142857143
0.071428571
0.142857143
0.142857143
0.071428571
0.142857143
0.142857143
0.142857143
0.214285714
0.214285714
0.142857143
0.142857143
0.214285714
0.214285714
0.214285714
0.142857143
0.214285714
0.142857143
0.214285714
0.142857143
0.142857143
0.142857143
0.071428571
0.153846154
0.076923077
0.230769231
0.153846154
0.153846154
0.230769231
0.076923077
0.230769231
0.153846154
0.230769231
0.153846154
0.230769231
0.153846154
0.153846154
0.230769231
0.230769231
0.076923077
0.153846154
0.153846154
0.307692308
0.153846154
0.153846154
0.076923077
0.153846154
0.153846154
0.230769231
0.153846154
0.153846154
0.076923077
0.230769231
0.230769231
0.076923077
0.076923077
0.076923077
0.153846154
0.153846154
0.153846154
0.153846154
0.153846154
0.076923077
0.153846154
0.076923077
0.153846154
0.153846154
0.153846154
0.230769231
0.153846154
0.230769231
0.076923077
0.076923077
0.076923077
0.153846154
0.076923077
0.076923077
0.076923077
0.230769231
0.230769231
0.230769231
0.076923077
0.307692308
0.076923077
0.230769231
0.230769231
0.153846154
0.230769231
0.153846154
0.153846154
0.166666667
0.166666667
0.166666667
0.166666667
0.25
0.166666667
0.083333333
0.25
0.25
0.166666667
0.25
0.166666667
0.166666667
0.166666667
0.25
0.083333333
0.166666667
0.166666667
0.166666667
0.166666667
0.25
0.166666667
0.083333333
0.166666667
0.083333333
0.083333333
0.25
0.166666667
0.166666667
0.166666667
0.25
0.166666667
0.25
0.166666667
0.166666667
0.25
0.166666667
0.166666667
0.083333333
0.166666667
0.166666667
0.083333333
0.166666667
0.166666667
0.25
0.083333333
0.166666667
0.166666667
0.166666667
0.25
0.25
0.25
0.25
0.166666667
0.166666667
0.25
0.166666667
0.166666667
0.25
0.166666667
0.166666667
0.166666667
0.166666667
0.166666667
0.25
0.166666667
0.083333333
0.25
0.25
0.166666667
0.25
0.25
0.166666667
0.25
0.083333333
0.166666667
0.25
0.25
0.166666667
0.166666667
0.166666667
0.166666667
0.166666667
0.166666667
0.166666667
0.083333333
0.181818182
0.181818182
0.090909091
0.181818182
0.181818182
0.181818182
0.181818182
0.181818182
0.181818182
0.272727273
0.181818182
0.181818182
0.181818182
0.272727273
0.181818182
0.181818182
0.181818182
0.181818182
0.181818182
0.272727273
0.181818182
0.181818182
0.181818182
0.272727273
0.181818182
0.181818182
0.090909091
0.181818182
0.181818182
0.181818182
0.272727273
0.272727273
0.272727273
0.181818182
0.181818182
0.181818182
0.181818182
0.090909091
0.090909091
0.090909091
0.090909091
0.272727273
0.272727273
0.363636364
0.090909091
0.272727273
0.181818182
0.090909091
0.272727273
0.181818182
0.090909091
0.272727273
0.181818182
0.181818182
0.090909091
0.181818182
0.181818182
0.272727273
0.181818182
0.181818182
0.090909091
0.272727273
0.181818182
0.181818182
0.181818182
0.181818182
0.272727273
0.181818182
0.181818182
0.181818182
0.090909091
0.181818182
0.272727273
0.181818182
0.181818182
0.181818182
0.181818182
0.272727273
0.272727273
0.090909091
0.090909091
0.181818182
0.181818182
0.181818182
0.181818182
0.272727273
0.272727273
0.272727273
0.181818182
0.090909091
0.090909091
0.181818182
0.181818182
0.181818182
0.181818182
0.272727273
0.181818182
0.181818182
0.181818182
0.181818182
0.181818182
0.090909091
0.181818182
0.1
0.2
0.1
0.3
0.2
0.3
0.2
0.1
0.1
0.1
0.1
0.2
0.4
0.3
0.3
0.2
0.2
0.3
0.1
0.1
0.1
0.3
0.2
0.1
0.2
0.4
0.3
0.2
0.3
0.2
0.2
0.2
0.3
0.1
0.2
0.2
0.2
0.2
0.2
0.2
0.2
0.1
0.2
0.3
0.2
0.2
0.2
0.2
0.4
0.2
0.2
0.1
0.2
0.3
0.3
0.2
0.1
0.3
0.2
0.2
0.3
0.1
0.1
0.2
0.2
0.3
0.1
0.3
0.2
0.2
0.2
0.2
0.1
0.2
0.2
0.3
0.3
0.2
0.1
0.2
0.1
0.3
0.2
0.3
0.2
0.2
0.2
0.2
0.2
0.2
0.1
0.3
0.2
0.2
0.2
0.2
0.2
0.2
0.2
0.3
0.1
0.3
0.1
0.222222222
0.333333333
0.333333333
0.222222222
0.222222222
0.333333333
0.333333333
0.222222222
0.222222222
0.333333333
0.222222222
0.333333333
0.222222222
0.222222222
0.222222222
0.111111111
0.222222222
0.222222222
0.222222222
0.333333333
0.111111111
0.111111111
0.222222222
0.444444444
0.111111111
0.222222222
0.111111111
0.222222222
0.222222222
0.222222222
0.333333333
0.333333333
0.222222222
0.222222222
0.222222222
0.111111111
0.222222222
0.444444444
0.111111111
0.222222222
0.333333333
0.111111111
0.111111111
0.333333333
0.111111111
0.111111111
0.333333333
0.333333333
0.222222222
0.333333333
0.222222222
0.111111111
0.222222222
0.111111111
0.222222222
0.222222222
0.333333333
0.222222222
0.333333333
0.222222222
0.222222222
0.111111111
0.222222222
0.333333333
0.333333333
0.333333333
0.222222222
0.222222222
0.222222222
0.333333333
0.111111111
0.333333333
0.222222222
0.222222222
0.333333333
0.222222222
0.111111111
0.222222222
0.111111111
0.222222222
0.111111111
0.222222222
0.111111111
0.333333333
0.111111111
0.222222222
0.222222222
0.333333333
0.222222222
0.222222222
0.333333333
0.111111111
0.222222222
0.333333333
0.333333333
0.222222222
0.333333333
0.222222222
0.111111111
0.111111111
0.222222222
0.111111111
0.222222222
0.333333333
0.25
0.125
0.25
0.25
0.125
0.375
0.25
0.25
0.25
0.5
0.25
0.25
0.125
0.125
0.375
0.125
0.25
0.125
0.375
0.125
0.125
0.125
0.125
0.125
0.25
0.25
0.25
0.125
0.375
0.125
0.25
0.125
0.25
0.25
0.25
0.25
0.375
0.375
0.25
0.25
0.25
0.375
0.25
0.375
0.25
0.25
0.375
0.25
0.25
0.125
0.375
0.25
0.375
0.375
0.375
0.25
0.375
0.125
0.25
0.375
0.125
0.375
0.375
0.125
0.25
0.25
0.125
0.375
0.25
0.5
0.25
0.375
0.25
0.25
0.25
0.25
0.25
0.25
0.25
0.25
0.375
0.25
0.125
0.25
0.25
0.375
0.125
0.375
0.125
0.25
0.125
0.125
0.25
0.25
0.375
0.375
0.125
0.25
0.25
0.125
0.25
0.25
0.25
0.25
0.125
0.25
0.5
0.25
0.375
0.375
0.25
0.125
0.375
0.375
0.25
0.125
0.125
0.375
0.25
0.25
0.125
0.25
0.25
0.125
0.375
0.375
0.375
0.25
0.25
0.25
0.25
0.25
0.285714286
0.285714286
0.142857143
0.142857143
0.428571429
0.142857143
0.285714286
0.428571429
0.142857143
0.285714286
0.285714286
0.428571429
0.285714286
0.285714286
0.428571429
0.428571429
0.428571429
0.285714286
0.428571429
0.285714286
0.428571429
0.428571429
0.571428571
0.428571429
0.285714286
0.285714286
0.428571429
0.142857143
0.428571429
0.285714286
0.285714286
0.285714286
0.142857143
0.428571429
0.142857143
0.142857143
0.285714286
0.428571429
0.285714286
0.428571429
0.428571429
0.285714286
0.285714286
0.428571429
0.428571429
0.285714286
0.285714286
0.285714286
0.142857143
0.142857143
0.285714286
0.285714286
0.428571429
0.285714286
0.142857143
0.285714286
0.428571429
0.285714286
0.428571429
0.285714286
0.285714286
0.142857143
0.285714286
0.285714286
0.285714286
0.428571429
0.428571429
0.285714286
0.142857143
0.285714286
0.428571429
0.428571429
0.142857143
0.285714286
0.428571429
0.428571429
0.428571429
0.428571429
0.428571429
0.285714286
0.428571429
0.285714286
0.142857143
0.285714286
0.285714286
0.285714286
0.428571429
0.285714286
0.285714286
0.142857143
0.285714286
0.428571429
0.142857143
0.285714286
0.285714286
0.428571429
0.428571429
0.285714286
0.428571429
0.285714286
0.285714286
0.285714286
0.285714286
0.142857143
0.285714286
0.428571429
0.285714286
0.428571429
0.285714286
0.428571429
0.285714286
0.428571429
0.428571429
0.285714286
0.142857143
0.285714286
0.142857143
0.428571429
0.428571429
0.142857143
0.285714286
0.285714286
0.285714286
0.285714286
0.285714286
0.142857143
0.142857143
0.142857143
0.142857143
0.428571429
0.428571429
0.285714286
0.142857143
0.428571429
0.142857143
0.428571429
0.142857143
0.142857143
0.285714286
0.285714286
0.428571429
0.285714286
0.142857143
0.285714286
0.285714286
0.285714286
0.285714286
0.285714286
0.142857143
0.142857143
0.142857143
0.142857143
0.428571429
0.285714286
0.285714286
0.285714286
0.285714286
0.142857143
0.428571429
0.285714286
0.285714286
0.142857143
0.142857143
0.285714286
0.285714286
0.428571429
0.285714286
0.428571429
0.142857143
0.142857143
0.285714286
0.428571429
0.142857143
0.428571429
0.142857143
0.142857143
0.5
0.333333333
0.333333333
0.333333333
0.166666667
0.333333333
0.5
0.333333333
0.333333333
0.166666667
0.333333333
0.5
0.166666667
0.166666667
0.333333333
0.166666667
0.166666667
0.333333333
0.5
0.333333333
0.333333333
0.166666667
0.333333333
0.333333333
0.166666667
0.5
0.333333333
0.5
0.166666667
0.5
0.166666667
0.333333333
0.333333333
0.333333333
0.166666667
0.5
0.166666667
0.5
0.166666667
0.166666667
0.333333333
0.666666667
0.333333333
0.166666667
0.166666667
0.333333333
0.166666667
0.333333333
0.5
0.5
0.333333333
0.166666667
0.5
0.333333333
0.333333333
0.333333333
0.333333333
0.333333333
0.333333333
0.166666667
0.5
0.333333333
0.333333333
0.166666667
0.333333333
0.333333333
0.5
0.333333333
0.5
0.5
0.333333333
0.333333333
0.333333333
0.333333333
0.5
0.333333333
0.166666667
0.5
0.333333333
0.333333333
0.5
0.5
0.166666667
0.166666667
0.5
0.166666667
0.333333333
0.333333333
0.166666667
0.333333333
0.5
0.5
0.5
0.5
0.333333333
0.5
0.333333333
0.333333333
0.333333333
0.333333333
0.5
0.166666667
0.5
0.666666667
0.333333333
0.5
0.166666667
0.333333333
0.333333333
0.333333333
0.333333333
0.5
0.333333333
0.333333333
0.333333333
0.166666667
0.166666667
0.5
0.5
0.166666667
0.5
0.333333333
0.333333333
0.333333333
0.5
0.666666667
0.166666667
0.333333333
0.5
0.166666667
0.333333333
0.5
0.333333333
0.166666667
0.5
0.166666667
0.5
0.333333333
0.5
0.166666667
0.5
0.333333333
0.333333333
0.333333333
0.333333333
0.5
0.5
0.333333333
0.166666667
0.5
0.5
0.333333333
0.333333333
0.333333333
0.333333333
0.333333333
0.333333333
0.333333333
0.5
0.5
0.5
0.166666667
0.333333333
0.166666667
0.166666667
0.166666667
0.5
0.333333333
0.166666667
0.666666667
0.333333333
0.333333333
0.5
0.5
0.5
0.333333333
0.5
0.333333333
0.333333333
0.333333333
0.5
0.5
0.333333333
0.5
0.333333333
0.166666667
0.333333333
0.333333333
0.166666667
0.5
0.5
0.333333333
0.333333333
0.666666667
0.333333333
0.5
0.166666667
0.333333333
0.6
0.8
0.4
0.2
0.4
0.4
0.4
0.2
0.4
0.6
0.2
0.6
0.6
0.4
0.2
0.2
0.4
0.6
0.6
0.4
0.4
0.6
0.4
0.6
0.2
0.2
0.4
0.6
0.4
0.4
0.2
0.4
0.4
0.4
0.2
0.6
0.4
0.4
0.2
0.2
0.4
0.6
0.6
0.2
0.4
0.4
0.4
0.4
0.2
0.2
0.6
0.4
0.4
0.4
0.2
0.4
0.4
0.2
0.4
0.6
0.6
0.6
0.6
0.4
0.2
0.6
0.4
0.6
0.4
0.4
0.4
0.2
0.4
0.4
0.4
0.2
0.4
0.4
0.6
0.6
0.2
0.6
0.6
0.2
0.4
0.4
0.6
0.4
0.6
0.4
0.6
0.2
0.8
0.2
0.4
0.4
0.4
0.4
0.6
0.4
0.4
0.6
0.2
0.4
0.4
0.4
0.6
0.4
0.4
0.6
0.6
0.4
0.4
0.6
0.6
0.4
0.2
0.4
0.6
0.4
0.6
0.6
0.2
0.6
0.6
0.4
0.4
0.2
0.6
0.4
0.6
0.4
0.6
0.4
0.6
0.6
0.2
0.6
0.2
0.4
0.4
0.6
0.2
0.4
0.4
0.4
0.2
0.4
0.4
0.4
0.4
0.6
0.2
0.6
0.2
0.2
0.4
0.2
0.4
0.8
0.6
0.4
0.6
0.2
0.2
0.4
0.2
0.6
0.4
0.6
0.6
0.6
0.4
0.4
0.6
0.2
0.6
0.2
0.2
0.4
0.4
0.4
0.2
0.4
0.4
0.2
0.2
0.6
0.6
0.2
0.4
0.4
0.4
0.2
0.4
0.2
0.6
0.6
0.4
0.6
0.4
0.2
0.2
0.2
0.4
0.6
0.2
0.2
0.4
0.6
0.4
0.2
0.2
0.2
0.4
0.2
0.2
0.2
0.4
0.2
0.75
0.25
0.75
0.5
0.5
0.75
0.25
0.5
0.25
0.25
0.25
0.75
0.25
0.5
0.25
0.75
0.25
0.5
0.5
0.5
0.5
0.5
0.5
0.25
0.5
0.5
0.5
0.75
0.25
0.5
0.5
0.75
0.75
0.75
0.75
0.75
0.25
0.25
0.5
0.75
0.75
0.75
0.5
0.75
0.75
0.25
0.75
0.25
0.25
0.5
0.25
0.5
0.75
0.25
0.5
0.25
0.5
0.5
0.75
0.75
0.75
0.25
1
0.5
0.5
1
1
0.75
0.5
0.75
0.25
0.25
0.75
0.25
0.75
0.5
1
0.25
0.5
0.5
0.5
0.25
0.25
0.5
0.25
0.5
0.75
0.5
0.25
0.75
0.25
0.75
0.25
0.5
0.5
0.5
0.75
0.5
0.25
0.5
0.5
0.5
0.5
0.75
0.5
0.75
0.75
0.5
0.5
0.25
0.75
0.25
0.5
0.5
0.25
0.75
0.5
0.75
0.5
0.5
0.75
0.5
0.25
0.5
0.75
0.25
0.75
0.75
0.5
0.25
0.5
0.25
1
0.25
0.5
0.75
0.5
0.75
0.25
0.5
0.75
0.5
0.25
0.25
0.5
0.75
0.5
0.5
0.25
0.75
0.5
0.75
0.75
0.5
0.5
0.5
0.25
0.75
0.75
0.75
0.25
0.75
0.75
0.75
0.5
0.75
0.5
0.5
0.75
0.5
0.5
0.25
0.5
0.5
0.25
0.5
0.75
0.5
0.5
0.75
0.5
0.25
0.75
0.25
0.5
0.5
0.75
0.75
0.5
0.5
0.75
0.75
0.5
0.25
0.5
0.25
0.25
0.5
0.75
0.25
0.5
0.25
0.75
0.5
0.75
0.25
0.75
0.75
0.25
0.5
0.5
0.5
0.75
0.5
0.25
0.75
0.75
1
0.5
0.75
0.75
0.75
0.25
0.5
0.75
0.25
0.75
0.25
0.75
0.5
0.5
0.75
0.5
0.75
0.5
0.75
0.5
0.5
0.25
0.75
0.5
0.5
0.75
0.5
0.5
0.25
0.25
0.5
0.25
0.5
0.5
0.5
0.5
0.5
0.25
0.25
0.75
0.5
0.5
0.25
0.25
0.25
0.75
0.75
0.75
0.5
0.75
0.75
0.75
0.5
0.25
0.75
0.5
0.75
0.75
0.5
0.25
0.25
0.75
0.5
0.25
0.5
0.75
0.25
0.5
0.5
0.5
0.25
0.5
0.5
0.333333333
0.666666667
0.666666667
1
0.333333333
0.333333333
0.666666667
0.333333333
1
0.666666667
1
0.666666667
1
0.333333333
1
0.333333333
1
1
0.333333333
1
0.333333333
0.333333333
0.666666667
0.666666667
0.666666667
1
1
0.333333333
0.333333333
0.333333333
0.333333333
0.666666667
1
1
0.333333333
1
0.666666667
0.333333333
0.333333333
0.666666667
1
0.666666667
1
0.666666667
1
1
1
0.666666667
0.333333333
1
0.666666667
0.666666667
1
0.666666667
0.333333333
0.333333333
0.333333333
0.666666667
0.666666667
0.333333333
0.666666667
1
0.333333333
0.666666667
1
0.333333333
0.333333333
0.666666667
0.666666667
1
0.666666667
0.666666667
1
0.333333333
1
0.333333333
0.666666667
1
0.666666667
0.666666667
0.666666667
1
0.666666667
0.333333333
1
1
0.666666667
0.333333333
1
0.666666667
0.666666667
0.666666667
0.333333333
0.666666667
1
0.333333333
1.333333333
0.666666667
0.666666667
0.333333333
0.333333333
1
0.666666667
0.333333333
0.333333333
0.333333333
1
0.333333333
1
1
0.333333333
0.666666667
0.666666667
0.666666667
0.666666667
1
1
1
0.333333333
0.333333333
1
0.666666667
0.666666667
0.333333333
1
0.333333333
0.333333333
0.666666667
1
0.666666667
0.333333333
1
0.666666667
1
0.666666667
0.666666667
1
0.333333333
1
0.333333333
0.666666667
0.666666667
0.333333333
0.666666667
1
0.333333333
1
0.333333333
1
0.666666667
1
1
0.333333333
1
1
0.333333333
0.333333333
0.666666667
0.666666667
0.333333333
1
0.333333333
0.333333333
0.333333333
0.333333333
1
0.666666667
0.666666667
0.666666667
1
0.333333333
0.666666667
0.333333333
0.333333333
0.666666667
1
1
0.666666667
0.333333333
0.666666667
0.666666667
1
0.333333333
0.666666667
0.666666667
0.333333333
0.666666667
0.666666667
1
0.666666667
0.333333333
1
0.333333333
0.666666667
1
1.333333333
1
0.666666667
0.333333333
0.333333333
0.666666667
0.666666667
0.333333333
0.666666667
1
0.666666667
0.666666667
0.333333333
0.333333333
0.666666667
0.333333333
0.333333333
0.666666667
0.333333333
1
0.666666667
0.666666667
0.666666667
1
0.666666667
0.333333333
0.333333333
1
0.666666667
0.333333333
0.666666667
1
1
0.666666667
1
0.333333333
0.333333333
1
1
0.333333333
1
1
1
1
1
0.333333333
1
0.333333333
1
0.333333333
0.333333333
0.666666667
1
0.666666667
0.666666667
0.666666667
0.333333333
1
0.666666667
0.333333333
0.666666667
1
1
0.666666667
0.666666667
0.666666667
1
1
0.333333333
0.333333333
0.666666667
0.333333333
1
0.666666667
0.333333333
1
1
1
0.666666667
0.333333333
1
0.666666667
0.333333333
1
0.666666667
0.333333333
1
1
0.666666667
0.333333333
0.666666667
1
0.666666667
0.666666667
0.333333333
0.666666667
1
0.333333333
1
0.333333333
1
0.333333333
1
0.333333333
0.333333333
1
0.333333333
0.666666667
0.333333333
0.333333333
0.666666667
1
1
0.666666667
0.333333333
1
0.666666667
0.333333333
0.666666667
0.333333333
0.333333333
0.666666667
0.333333333
0.666666667
1
0.666666667
0.666666667
1
0.666666667
0.333333333
0.333333333
1
0.333333333
0.666666667
1
0.666666667
0.333333333
0.666666667
0.333333333
0.666666667
0.333333333
1
0.333333333
0.333333333
0.666666667
0.333333333
0.333333333
0.333333333
0.333333333
0.666666667
0.333333333
0.666666667
1
0.666666667
1
0.333333333
1
0.333333333
0.666666667
1
0.666666667
0.666666667
0.666666667
0.333333333
0.666666667
0.666666667
0.333333333
1.5
1.5
1
1.5
1.5
1.5
0.5
1.5
1
1
1.5
0.5
1.5
2
0.5
0.5
1
1.5
1
0.5
0.5
1.5
0.5
0.5
1.5
0.5
1
1
1
0.5
0.5
0.5
1
1
0.5
0.5
0.5
1.5
1.5
1.5
0.5
0.5
1.5
1
0.5
1.5
1.5
0.5
1
1.5
1.5
1.5
0.5
1
0.5
1
0.5
1
1
0.5
0.5
1
0.5
0.5
2
1
1
0.5
0.5
1
1
0.5
0.5
0.5
1.5
1
1
1
1
0.5
0.5
1.5
1.5
1.5
1.5
1
1
1.5
1.5
0.5
0.5
1
1.5
0.5
1.5
1
1.5
0.5
0.5
0.5
1.5
1.5
0.5
1.5
0.5
1
1.5
1.5
0.5
1
1.5
0.5
0.5
0.5
1.5
0.5
0.5
0.5
0.5
1.5
0.5
0.5
1.5
0.5
1.5
1.5
1.5
0.5
1.5
0.5
1
0.5
0.5
1.5
1
0.5
1.5
1.5
0.5
1.5
0.5
1
1.5
0.5
1
1.5
0.5
0.5
1.5
1.5
1.5
1.5
1.5
0.5
1
1.5
1
1
1
1
1
1.5
0.5
1.5
0.5
1.5
1
1.5
1.5
1
0.5
0.5
1.5
0.5
1
2
1.5
0.5
0.5
1.5
1.5
1
0.5
1
0.5
1.5
1.5
1.5
0.5
1
1.5
1
0.5
1.5
0.5
0.5
1
1
1.5
1
1
1
0.5
1
1.5
1
0.5
1.5
1
0.5
0.5
0.5
1.5
1.5
1
1.5
0.5
1.5
1.5
1
1.5
1.5
0.5
1
0.5
0.5
0.5
1.5
1
0.5
1.5
1
1
1.5
0.5
1.5
1
0.5
1
0.5
1.5
1
0.5
1
1.5
0.5
1.5
1
1.5
1.5
1.5
1
1
1.5
1.5
1.5
0.5
1
1.5
0.5
1.5
1
1.5
1
1.5
0.5
1
1
0.5
0.5
1
1
1
1
1.5
1.5
1.5
1.5
1
1
1
1.5
1.5
0.5
1.5
0.5
1
1
1.5
0.5
1
0.5
0.5
0.5
0.5
0.5
0.5
1
1
1.5
1
0.5
0.5
1
1
0.5
1.5
0.5
1.5
1
1
1
1
0.5
1.5
1
1
1
1
1.5
1.5
0.5
1
1.5
1.5
0.5
1.5
1
1
0.5
1.5
1
0.5
1.5
0.5
1.5
1.5
1.5
1
1.5
0.5
1.5
1.5
0.5
0.5
1
1.5
1.5
1.5
0.5
0.5
1.5
0.5
1
0.5
0.5
0.5
1.5
0.5
1.5
1.5
0.5
1
1.5
1
1
2
1.5
1
1.5
1
0.5
1
1
1.5
1
1.5
1.5
1
1.5
1.5
0.5
1.5
1
1
1
1.5
2
1
1.5
0.5
1
1
0.5
1.5
1.5
0.5
1
1.5
0.5
1.5
1
1.5
0.5
1
1
1.5
0.5
1
1.5
1
1.5
1.5
0.5
1
0.5
0.5
1
1.5
0.5
1.5
1.5
1.5
1.5
1.5
0.5
0.5
1.5
0.5
1
1.5
1.5
0.5
1.5
1.5
1.5
1
1.5
1.5
1.5
1.5
1
1
1.5
1.5
1
1.5
1.5
1
1.5
0.5
1.5
1.5
0.5
1.5
1.5
1
1.5
0.5
0.5
0.5
1.5
1
0.5
1
0.5
1.5
1
1.5
0.5
1.5
1.5
1.5
1
1.5
0.5
1
1
1.5
1.5
1.5
1.5
1.5
1
1.5
1
0.5
0.5
0.5
1
1.5
3
3
1
3
1
3
3
3
3
1
3
3
3
1
1
3
3
3
3
3
1
1
1
3
3
3
3
3
3
3
1
3
3
3
1
3
1
3
3
3
1
3
3
3
1
3
3
1
3
1
3
3
3
3
3
3
2
3
1
1
3
3
3
1
1
1
3
1
3
3
1
3
3
1
3
3
3
3
3
3
3
3
3
1
1
1
3
3
3
3
1
3
3
3
3
3
3
1
1
3
1
1
1
3
3
1
3
1
3
2
3
3
3
3
3
3
3
1
3
3
1
3
1
3
1
3
1
3
3
1
3
1
1
3
1
3
3
3
3
3
1
3
3
3
3
3
3
1
3
1
3
3
1
3
3
3
3
1
3
3
3
2
3
1
3
3
3
3
1
3
1
3
1
3
3
3
3
3
3
3
3
3
3
1
3
3
3
1
2
3
3
3
3
3
3
3
3
3
3
1
3
3
3
3
3
1
3
3
3
2
3
3
3
3
1
3
1
1
1
1
3
3
3
1
1
3
3
3
3
3
3
3
1
3
3
1
1
3
1
3
3
1
3
3
1
1
3
3
3
1
3
3
3
1
1
1
3
1
3
3
1
1
3
3
3
1
3
3
1
3
3
3
3
3
3
1
3
3
3
3
1
1
1
3
1
3
1
3
1
1
3
1
1
1
3
3
3
3
3
1
1
1
3
1
3
3
1
3
3
1
1
3
1
3
3
3
1
3
3
1
3
1
1
1
3
3
1
3
3
3
3
3
3
1
1
3
3
3
3
1
3
3
3
3
3
3
1
3
3
3
3
3
3
3
3
1
3
3
1
3
3
3
3
1
1
3
3
1
3
3
3
3
3
3
3
3
3
1
3
3
3
3
3
3
3
1
3
3
3
3
1
3
1
3
3
3
3
1
3
1
1
3
3
3
3
3
3
3
3
3
3
3
3
3
3
3
1
3
3
3
3
3
3
3
1
3
3
3
3
1
3
3
3
1
3
3
3
1
1
3
3
3
3
1
3
3
3
1
3
1
3
1
3
3
3
3
3
1
1
3
3
3
3
3
3
1
3
3
3
1
1
1
1
3
3
1
