14216
14217
14218
14219
14220
14221
14222
14223
14224
14120
14121
14122
14123
14124
14125
817
819
820
822
829
830
14228
14229
14230
14231
14232
14233
14234
13858
14235
14236
14237
14238
14239
14240
14241
14242
14243
14244
14245
14246
14247
14248
14249
14250
14251
14252
14253
14254
14255
14256
14257
14258
14259
14260
14261
14262
14263
14264
14265
14266
14267
14268
14269
14270
14271
14272
14273
14274
14275
14276
14277
14278
14279
14280
14281
14282
14283
14284
14285
14286
14287
14288
14289
14290
14291
14292
14293
14294
14295
14296
14297
14080
14298
14299
14300
14301
14302
14303
14304
14305
14306
14307
14308
14309
14310
14311
3153
14312
14313
14314
14315
14316
14317
14318
14319
14320
14321
14322
14323
14324
2515
14325
14326
11535
14327
14328
14329
14330
14331
14332
14333
14334
14335
324
331
334
337
340
346
354
355
376
381
384
388
709
713
720
695
734
668
677
681
682
685
694
696
698
701
703
704
14352
13199
14353
14354
2403
14355
14356
14357
14358
14211
14359
1076
1083
1092
1107
1110
1130
1132
1139
1140
1145
1148
1149
1156
847
854
858
862
863
867
868
869
870
874
877
894
895
14225
14226
14227
395
405
417
439
446
451
465
475
898
902
905
909
911
912
913
918
921
924
928
931
933
941
942
947
955
962
964
970
482
491
510
517
523
524
525
23
534
536
538
540
546
551
552
553
557
564
567
568
569
572
574
584
593
594
595
603
608
615
616
617
622
623
624
625
627
636
642
645
646
648
649
651
653
655
1518
1242
1244
1248
1250
1255
1258
1261
1262
1266
1268
1388
1389
1393
1395
1403
1407
1408
1410
1413
1414
1173
1175
758
1189
1196
1210
1211
1212
1279
1280
1281
1282
1287
1291
1292
1293
745
1305
1306
1307
1313
1325
1326
1332
1335
1336
1337
1339
1343
1351
1354
1357
1358
1359
1362
1369
1375
1376
1378
1379
1382
1383
1384
2436
2440
2454
2457
1214
1227
1228
1229
971
972
973
981
985
990
996
1002
1009
1010
1012
1015
1016
1021
1028
1849
1854
1857
1050
1880
1882
1889
1890
1893
1894
1904
1608
1609
1610
1611
1612
1618
1619
1624
1630
1631
1640
1642
1575
1576
1577
1580
1594
1596
1600
1603
1036
1448
1449
1452
1453
1455
1461
1462
1465
1469
1474
1475
1477
1478
1479
1481
1488
1492
1493
1495
1496
1774
1775
1778
1780
1789
1792
1796
1800
1802
1807
1808
1811
1816
1817
1818
1821
1829
1830
1833
1834
1836
1838
1839
2052
2068
2074
2077
2082
2087
1426
1440
1441
1444
1645
1647
1648
1649
1650
1651
1662
1663
1666
1668
1672
1675
1676
1680
1709
1717
1718
1722
1725
1731
1737
1745
161
1752
1770
1526
1529
1534
1538
1545
1546
1549
1553
1555
1557
1558
1559
1560
1564
1567
1572
1573
1574
1933
1935
1939
1947
1950
1952
1954
1498
1506
1509
2633
2637
2123
2124
2125
2318
2320
2324
2326
2327
2333
2336
2341
2346
2350
2355
2357
2358
2359
2360
2362
2364
2368
2375
2377
2378
2379
1236
2459
2461
2462
2463
2464
1907
1908
29
62
1957
1958
1959
1960
1961
1962
1963
1964
1965
1970
1971
1973
1975
1978
1984
1989
1994
1995
1998
2000
2003
2011
2013
2014
2015
2017
2019
2020
2023
2024
2026
2027
2028
2030
2033
2040
2045
2046
2049
2050
2129
2130
2131
2132
2133
2134
2135
2136
2137
2138
2139
2140
91
2144
2148
2151
2153
2155
2158
2163
2164
2168
2169
2178
2180
2184
2186
2187
2188
2190
2191
2193
2194
2198
2203
2207
2208
2210
2211
2214
2215
2220
2221
2222
2223
2226
2233
2240
2242
2248
2249
2252
2253
2255
2259
2260
2262
2264
2265
2266
2268
2270
2272
2273
2275
2276
2279
2282
2283
2284
2286
2287
2291
2293
2296
2297
2300
2302
2306
2307
2311
2313
2315
2316
2102
2103
2104
2105
2107
2109
2110
2116
2119
2120
3429
2532
3430
3435
3437
3439
3442
3443
3444
3445
3446
3449
3450
3451
3452
3453
3454
3455
3456
3458
3460
3468
3470
3471
3476
3478
3479
3481
3484
3485
3487
3488
3489
3490
3492
3493
3496
2475
2476
2477
2478
2481
2482
2485
2487
2586
2593
2594
2595
2596
2603
2606
2610
2611
2614
2615
2616
2620
2621
2776
2777
2778
2780
2785
2798
2809
2813
2814
2815
2817
2823
2827
2830
2831
2836
2837
2520
2521
2524
2526
4936
4937
4938
4940
4941
4942
4944
4945
4947
4948
4950
4951
4952
4957
3833
3834
3839
3840
3841
3842
3843
3849
3851
3852
3854
3855
5955
5956
5957
5958
5960
5963
5964
5967
5968
5969
5970
5972
5973
5976
5977
5979
5980
5981
5982
5984
5986
5987
5989
5990
5991
5992
5993
5994
5995
5996
5997
5998
6000
6001
6002
6004
6005
6006
6007
6009
6010
6012
6013
6014
6016
6018
6020
6021
6022
6024
6025
6030
6031
6032
6033
6034
6036
6039
6040
6041
6043
6045
6046
6050
6051
6052
6056
6057
6058
6061
6062
6063
6064
6067
6068
6072
6074
6076
6077
6079
6080
6081
6082
6083
6084
6085
6087
6088
6091
5108
6097
6099
6100
6101
6102
6106
6108
6110
6111
6113
3157
6116
4033
4034
4035
4036
4037
4038
4039
4044
4045
4047
4049
4055
4057
4060
4061
4062
4063
4064
4065
4067
4069
4074
4076
4080
3993
3995
3996
3998
3999
4001
4002
4004
4006
4010
4014
4015
4018
4029
5100
5101
5104
5106
5109
5110
4583
4584
4585
4586
4588
4589
4595
4597
4598
4599
4602
4604
4607
4611
4612
4613
4615
4616
4618
4619
4625
4627
4629
4630
4632
3156
3133
3143
3146
3149
3152
4363
4364
4365
5699
6635
6636
6638
6641
6643
6644
6645
6646
6840
6842
6843
6844
6846
6848
6850
6854
6855
6857
6422
6425
6426
6428
6429
6430
6431
6432
6859
6860
6862
6863
6868
8066
8068
8070
8072
8075
7624
7625
7129
7131
7132
7134
7135
7136
156
7139
7141
7142
7143
7144
7145
7146
7147
7149
7151
7152
7153
7154
7156
7157
7159
7160
7162
7164
7166
7167
13831
13832
13833
13834
13835
13836
13837
13838
13839
13840
13841
13842
13843
18026
13844
13845
13846
13847
13848
13849
18034
13850
13851
13852
13853
13854
13855
13856
13857
13859
13431
13860
13861
13862
13863
13864
13865
13866
13867
8605
13868
13869
119
13870
13871
10809
13872
13873
13874
13875
13876
13877
13878
13879
13880
13881
13882
13883
13884
13885
13886
13887
13888
13889
13890
13891
13892
13893
13894
13895
13896
13897
13898
13899
13900
13901
13902
13903
13904
13905
13906
13907
13908
13909
13910
13911
13912
13913
13914
13915
13916
13917
13918
13919
13920
13921
13922
13923
13924
13925
9631
13926
13927
13928
13929
13930
13931
13932
13933
13934
13935
13936
13937
13938
12698
13939
13940
13941
13942
13943
13944
13945
13946
13947
13948
13949
13950
13951
13495
13952
13953
13954
13955
13956
13957
13958
13959
13960
13961
13962
13963
13964
13965
13966
13967
13968
13969
13970
13971
13972
13973
13974
13975
13976
11099
13977
13978
13979
11732
13980
13981
13982
13983
13984
13985
13986
13987
13988
13989
13990
13991
13992
13993
13994
11113
13995
13996
13997
13998
13999
14000
14001
14002
14003
14004
14005
14006
14007
14008
14009
7742
10991
10993
10994
10995
10997
10999
11000
11001
11002
11003
11004
18473
11005
11006
11007
11008
11009
11010
11011
11012
11013
11014
11015
11019
11020
11021
11022
11023
11026
11027
11028
11029
11030
11031
11032
11033
11034
11035
11036
11037
11038
757
11039
11041
11042
11044
11045
11046
11048
11050
11051
11052
11053
11054
11055
11056
11057
11058
11059
11060
11061
11063
11064
11065
11067
11068
11070
11071
11073
11074
11075
11077
11081
11082
11083
11088
11089
11090
11091
11092
11094
11095
264
11096
11097
11098
11100
11101
11102
11104
11106
11107
11108
11109
11110
11112
11115
11116
11117
11119
11120
11121
11122
11123
11124
9621
9622
9623
9624
9625
9627
9628
9629
9630
9632
221
9633
9634
9635
9636
9637
9638
9639
9640
9641
9642
9643
9644
9645
9647
8359
8360
8365
8366
8367
8368
8369
8371
8372
8373
8873
8875
8878
8879
8880
8881
8882
8883
8886
8887
8889
8890
8891
8893
8895
8896
8897
8898
8899
8900
8583
8586
8587
8588
8589
18827
8590
8591
8592
8593
8596
8597
18836
8598
8604
8606
8607
8608
8609
8610
8616
8617
8618
8619
8620
8621
8622
8623
8624
8625
8626
8628
8629
8630
8631
8633
8484
8487
9020
9514
9515
9516
9517
9518
9519
9521
9522
9523
9524
2624
9526
9527
9528
9529
9530
9533
9534
9535
9536
9537
9538
9540
9541
9542
9543
9544
9545
9546
9548
9549
9550
9552
9554
9555
9556
9558
12880
12881
12882
12883
12884
12885
12886
12887
12888
12889
12890
12891
12892
12893
12894
12895
12896
12897
12898
12899
12900
12901
12902
12903
9385
9386
9388
9389
9390
9391
9392
9394
9395
9396
9397
9398
9400
9401
9403
9404
9405
9406
9407
9408
9266
9270
9271
9985
9986
9987
9990
9991
9993
9994
9995
9996
9100
9101
9102
9103
9104
9105
9106
9107
9108
9109
9111
9112
9113
9114
9115
9116
9117
13430
13432
13433
13434
13435
13436
13437
10813
13438
13439
13440
13441
13442
13443
13444
13445
13446
13447
13448
13449
13450
13451
13452
13453
13454
13455
13456
13457
11733
13458
13459
13460
9748
9749
9750
12418
12419
12420
12421
12422
12423
12424
12425
12426
12427
12428
12429
12430
12431
12432
12433
12434
12436
12437
12439
12440
11531
14010
14011
14012
14013
14014
14015
14016
14017
14018
14019
12686
14020
14021
10817
14022
14023
14024
14025
14026
14027
14028
14029
14030
14031
14032
14033
14034
2558
14035
14036
14037
14038
14039
14040
14041
14042
14043
14044
14045
14046
14047
14048
14049
14050
14051
14052
14053
14054
14055
14056
14057
14058
14059
14060
14061
14062
14063
9856
9857
9858
10603
10604
10605
10606
10609
803
10610
10611
10612
10613
10614
10358
10359
10360
10361
10362
10670
10672
10673
10675
10676
10677
10679
12678
12681
12682
12683
12684
12685
12687
12688
12689
12690
12691
12692
12694
12695
12696
12697
12700
12701
12702
12703
12704
12705
12706
10130
11728
11729
11730
11731
12077
12079
12080
12081
13804
13805
13806
13807
13808
13809
11703
11704
11705
11706
11707
11708
11709
11710
11711
11713
11714
11715
11716
11717
11718
11719
11720
11721
11722
11723
11724
11725
11726
11727
10803
10804
10805
98
10807
10808
10810
10811
10812
10814
10816
10819
10820
10821
10822
10823
10824
10826
10827
10828
10829
10830
10831
10489
10490
11410
11411
19666
11414
11415
11416
11467
11468
11469
11470
11471
11473
11474
11475
11476
11477
11478
11479
11480
11481
11482
11483
11484
11485
11486
11487
11488
11489
11490
11491
11492
11493
11494
11495
11496
11497
11498
11499
11500
11501
11502
11503
11504
11505
11506
11507
11508
11509
11510
11511
11512
11513
11515
11516
11517
11518
11519
11520
11521
11522
11523
11524
11525
11526
11527
11528
11529
11532
11536
11537
11538
11539
11644
11645
19802
11646
11647
11649
11650
11651
11653
12292
12293
12294
12295
13772
10131
10132
10133
10134
10136
10137
10138
10139
2507
10140
10141
10142
13200
13201
13202
13203
13204
13205
13206
13208
13209
13210
13212
13213
13214
13215
13216
14117
14118
14119
13719
13720
13721
13792
13793
13794
13795
13796
13797
13798
13799
13800
13801
12533
12534
13810
13811
13812
13813
744
13814
13815
13816
13817
13818
13819
13820
13821
13822
13823
13824
13825
13826
13827
13828
13829
13830
19979
13413
13414
13415
13416
13417
13418
13419
13420
13421
13422
13423
13424
13425
13426
13427
13428
13039
14126
14127
14360
14361
14362
14363
14364
14365
14366
14171
14367
14368
14128
14129
14130
14131
14132
14133
14134
14135
14136
14137
14138
14139
14140
14141
14142
14143
14144
14145
14146
14147
14148
14149
14150
14151
14152
14153
14154
14155
14087
14088
1042
1043
1051
1053
1062
1063
14089
14090
14091
14092
14093
14094
14095
14096
14097
14098
14099
14100
14101
737
738
746
748
759
762
766
767
769
770
772
773
774
775
777
784
785
786
790
795
796
798
804
805
806
808
810
812
20190
14157
14158
14159
14160
14161
14162
14163
14164
14165
14166
14167
14168
14169
14170
14172
14173
14174
14175
14176
13674
13675
13676
13677
13678
13679
13680
13681
20244
14103
14104
14105
14106
14107
14108
14109
14110
14111
14112
14113
14114
14115
14116
2382
2389
2394
2400
2404
2406
2409
2411
2414
2416
2420
2422
2425
14348
14349
14350
14351
68
76
77
86
114
132
148
154
159
162
174
199
217
232
237
238
239
252
253
268
269
271
276
290
302
304
14336
14337
14338
14339
14340
14341
14342
14343
14344
14345
14346
14347
14179
14180
14181
14182
14183
14184
14185
14186
14187
14188
14189
14190
14191
14192
14193
14194
14195
14196
14197
14198
14199
14200
14201
14202
14203
14204
14205
14206
14207
14208
14209
14210
14212
14213
14214
14215
14177
14178
13
45
14064
14065
14066
14067
14068
14069
14070
14071
14072
14073
14074
14075
14076
14077
14078
14079
14081
14082
14083
14084
14085
14086

